900 1740 116

10000

0 1 136 4
0 30 65 18
1 2 85 14
1 31 142 7
2 3 71 10
2 32 77 3
3 4 109 11
3 33 76 4
4 5 76 1
4 34 86 13
5 6 118 12
5 35 79 8
6 7 80 3
6 36 73 3
7 8 85 8
7 37 52 10
8 9 108 3
8 38 117 10
9 10 106 14
9 39 92 12
10 11 123 10
10 40 69 2
11 12 87 5
11 41 74 19
12 13 120 16
12 42 76 14
13 14 130 12
13 43 123 17
14 15 120 3
14 44 131 17
15 16 75 6
15 45 77 5
16 17 55 17
16 46 79 7
17 18 107 14
17 47 145 5
18 19 95 3
18 48 117 15
19 20 114 15
19 49 100 4
20 21 58 8
20 50 128 17
21 22 134 9
21 51 101 4
22 23 149 15
22 52 110 13
23 24 118 17
23 53 62 20
24 25 136 7
24 54 89 15
25 26 120 16
25 55 128 15
26 27 51 8
26 56 52 18
27 28 142 18
27 57 106 13
28 29 130 2
28 58 91 7
29 59 139 6
30 31 69 5
30 60 79 1
31 32 67 12
31 61 121 18
32 33 125 2
32 62 77 10
33 34 106 8
33 63 103 18
34 35 115 7
34 64 133 7
35 36 74 20
35 65 121 9
36 37 79 13
36 66 69 4
37 38 118 11
37 67 65 9
38 39 99 1
38 68 73 17
39 40 95 19
39 69 101 7
40 41 105 2
40 70 138 20
41 42 78 5
41 71 100 2
42 43 50 14
42 72 114 15
43 44 64 5
43 73 106 8
44 45 141 4
44 74 115 8
45 46 86 20
45 75 101 13
46 47 78 18
46 76 57 16
47 48 71 15
47 77 145 19
48 49 87 10
48 78 143 16
49 50 78 19
49 79 61 4
50 51 79 9
50 80 54 17
51 52 113 4
51 81 88 14
52 53 90 7
52 82 68 5
53 54 138 9
53 83 67 10
54 55 146 18
54 84 93 5
55 56 133 11
55 85 149 11
56 57 75 13
56 86 140 5
57 58 89 6
57 87 136 15
58 59 132 10
58 88 114 3
59 89 57 18
60 61 54 16
60 90 61 9
61 62 78 3
61 91 93 20
62 63 118 7
62 92 72 1
63 64 60 12
63 93 51 6
64 65 80 2
64 94 55 19
65 66 86 1
65 95 76 5
66 67 115 3
66 96 66 9
67 68 108 3
67 97 87 5
68 69 74 3
68 98 86 1
69 70 149 13
69 99 100 20
70 71 121 9
70 100 81 14
71 72 80 2
71 101 144 14
72 73 113 1
72 102 131 20
73 74 146 20
73 103 123 20
74 75 118 14
74 104 145 11
75 76 116 7
75 105 90 5
76 77 134 11
76 106 92 17
77 78 57 17
77 107 106 6
78 79 68 20
78 108 62 8
79 80 122 9
79 109 59 20
80 81 60 17
80 110 137 3
81 82 51 7
81 111 122 14
82 83 105 2
82 112 149 20
83 84 54 2
83 113 61 20
84 85 117 1
84 114 78 6
85 86 100 8
85 115 108 5
86 87 74 1
86 116 119 3
87 88 131 17
87 117 134 11
88 89 122 13
88 118 100 13
89 119 135 6
90 91 149 3
90 120 92 1
91 92 63 19
91 121 140 19
92 93 140 5
92 122 131 10
93 94 86 20
93 123 105 13
94 95 54 15
94 124 119 20
95 96 126 14
95 125 105 11
96 97 92 1
96 126 134 20
97 98 55 14
97 127 117 2
98 99 63 5
98 128 104 2
99 100 109 7
99 129 52 5
100 101 56 3
100 130 71 5
101 102 118 3
101 131 139 9
102 103 58 13
102 132 148 19
103 104 58 17
103 133 98 14
104 105 83 4
104 134 98 14
105 106 104 11
105 135 96 8
106 107 79 9
106 136 96 1
107 108 147 9
107 137 140 10
108 109 83 4
108 138 147 4
109 110 142 14
109 139 75 7
110 111 146 13
110 140 138 16
111 112 79 18
111 141 110 17
112 113 71 15
112 142 54 1
113 114 77 9
113 143 98 11
114 115 52 17
114 144 147 15
115 116 93 20
115 145 52 20
116 117 53 9
116 146 131 1
117 118 88 8
117 147 101 20
118 119 84 16
118 148 142 20
119 149 77 16
120 121 79 5
120 150 114 10
121 122 79 6
121 151 85 4
122 123 50 18
122 152 121 19
123 124 139 10
123 153 138 8
124 125 145 13
124 154 94 4
125 126 140 10
125 155 90 3
126 127 119 2
126 156 82 7
127 128 92 2
127 157 67 1
128 129 111 4
128 158 59 2
129 130 75 11
129 159 117 17
130 131 84 18
130 160 76 11
131 132 107 5
131 161 118 15
132 133 108 6
132 162 136 13
133 134 96 1
133 163 144 7
134 135 102 17
134 164 79 19
135 136 140 7
135 165 120 8
136 137 130 12
136 166 143 12
137 138 77 18
137 167 136 13
138 139 105 15
138 168 140 13
139 140 129 13
139 169 119 11
140 141 124 10
140 170 91 16
141 142 83 1
141 171 138 8
142 143 116 19
142 172 134 11
143 144 67 17
143 173 110 7
144 145 87 10
144 174 109 6
145 146 68 18
145 175 133 6
146 147 108 14
146 176 87 14
147 148 133 10
147 177 128 8
148 149 64 18
148 178 79 12
149 179 109 1
150 151 88 19
150 180 138 6
151 152 83 15
151 181 131 18
152 153 108 14
152 182 149 11
153 154 89 18
153 183 113 10
154 155 144 3
154 184 97 14
155 156 112 12
155 185 140 3
156 157 141 13
156 186 65 18
157 158 107 2
157 187 141 15
158 159 101 8
158 188 71 12
159 160 90 18
159 189 80 15
160 161 75 19
160 190 66 2
161 162 52 17
161 191 89 12
162 163 54 17
162 192 130 19
163 164 71 19
163 193 112 11
164 165 129 13
164 194 135 18
165 166 54 17
165 195 133 17
166 167 109 8
166 196 94 18
167 168 61 20
167 197 100 8
168 169 110 17
168 198 55 19
169 170 99 4
169 199 61 5
170 171 84 6
170 200 125 12
171 172 64 16
171 201 118 10
172 173 68 14
172 202 132 6
173 174 132 3
173 203 80 18
174 175 124 14
174 204 143 7
175 176 103 7
175 205 124 4
176 177 63 15
176 206 127 20
177 178 125 3
177 207 69 9
178 179 82 11
178 208 67 15
179 209 85 7
180 181 141 18
180 210 93 14
181 182 78 14
181 211 141 6
182 183 68 11
182 212 86 18
183 184 105 4
183 213 108 11
184 185 54 11
184 214 111 12
185 186 135 14
185 215 123 10
186 187 101 5
186 216 100 6
187 188 53 9
187 217 56 6
188 189 89 16
188 218 70 10
189 190 76 8
189 219 127 4
190 191 131 17
190 220 110 6
191 192 105 17
191 221 68 11
192 193 92 12
192 222 146 13
193 194 71 20
193 223 134 11
194 195 77 13
194 224 90 15
195 196 122 4
195 225 80 19
196 197 97 4
196 226 80 11
197 198 64 14
197 227 72 20
198 199 74 8
198 228 85 3
199 200 54 13
199 229 93 15
200 201 136 19
200 230 128 1
201 202 112 20
201 231 133 3
202 203 98 2
202 232 74 4
203 204 72 13
203 233 85 15
204 205 107 2
204 234 97 6
205 206 126 12
205 235 68 10
206 207 53 2
206 236 83 14
207 208 109 8
207 237 56 9
208 209 70 18
208 238 58 5
209 239 148 15
210 211 126 12
210 240 65 19
211 212 121 13
211 241 109 10
212 213 60 7
212 242 74 17
213 214 89 10
213 243 128 1
214 215 103 10
214 244 64 2
215 216 139 19
215 245 117 7
216 217 73 8
216 246 81 8
217 218 72 13
217 247 125 2
218 219 129 11
218 248 104 11
219 220 81 11
219 249 107 14
220 221 131 15
220 250 53 2
221 222 83 1
221 251 131 3
222 223 65 8
222 252 75 17
223 224 72 5
223 253 101 13
224 225 82 18
224 254 131 15
225 226 65 7
225 255 58 18
226 227 149 16
226 256 147 3
227 228 126 4
227 257 127 15
228 229 137 10
228 258 132 13
229 230 116 2
229 259 110 4
230 231 61 3
230 260 136 6
231 232 80 6
231 261 133 11
232 233 126 15
232 262 70 17
233 234 75 13
233 263 89 9
234 235 140 6
234 264 110 17
235 236 93 19
235 265 78 18
236 237 71 3
236 266 105 11
237 238 75 9
237 267 120 16
238 239 103 18
238 268 72 9
239 269 100 4
240 241 147 18
240 270 76 8
241 242 121 10
241 271 99 12
242 243 78 11
242 272 148 20
243 244 60 9
243 273 127 14
244 245 126 11
244 274 102 20
245 246 137 12
245 275 149 18
246 247 116 18
246 276 67 13
247 248 85 2
247 277 148 9
248 249 145 5
248 278 55 17
249 250 78 7
249 279 78 15
250 251 143 9
250 280 147 19
251 252 122 16
251 281 95 15
252 253 75 1
252 282 133 18
253 254 77 13
253 283 71 3
254 255 84 14
254 284 84 20
255 256 109 2
255 285 107 6
256 257 111 15
256 286 122 3
257 258 66 2
257 287 100 13
258 259 132 3
258 288 67 20
259 260 123 15
259 289 56 16
260 261 114 12
260 290 113 11
261 262 122 12
261 291 87 18
262 263 78 20
262 292 130 12
263 264 106 8
263 293 91 11
264 265 102 11
264 294 61 6
265 266 67 10
265 295 133 2
266 267 62 12
266 296 56 1
267 268 117 19
267 297 139 5
268 269 104 13
268 298 125 5
269 299 91 20
270 271 88 13
270 300 86 10
271 272 106 11
271 301 110 5
272 273 64 10
272 302 64 6
273 274 136 7
273 303 89 4
274 275 85 10
274 304 71 13
275 276 140 14
275 305 59 10
276 277 123 12
276 306 85 5
277 278 145 9
277 307 63 18
278 279 148 14
278 308 105 10
279 280 143 16
279 309 106 9
280 281 83 1
280 310 136 4
281 282 108 12
281 311 90 18
282 283 131 6
282 312 140 2
283 284 100 4
283 313 104 1
284 285 114 16
284 314 74 3
285 286 69 20
285 315 94 10
286 287 88 10
286 316 126 12
287 288 69 4
287 317 93 14
288 289 106 5
288 318 125 2
289 290 61 7
289 319 62 8
290 291 79 13
290 320 118 3
291 292 52 12
291 321 57 15
292 293 66 19
292 322 127 4
293 294 122 8
293 323 107 14
294 295 75 3
294 324 147 14
295 296 68 17
295 325 103 2
296 297 124 7
296 326 143 1
297 298 98 6
297 327 80 6
298 299 109 10
298 328 110 19
299 329 74 3
300 301 130 20
300 330 52 2
301 302 130 11
301 331 133 7
302 303 90 10
302 332 73 9
303 304 107 19
303 333 81 14
304 305 70 11
304 334 140 6
305 306 141 14
305 335 120 19
306 307 117 2
306 336 121 10
307 308 93 1
307 337 149 16
308 309 138 5
308 338 136 15
309 310 82 10
309 339 60 10
310 311 80 14
310 340 113 14
311 312 129 8
311 341 99 15
312 313 101 20
312 342 114 20
313 314 80 3
313 343 65 7
314 315 65 10
314 344 131 7
315 316 84 12
315 345 137 14
316 317 137 3
316 346 93 14
317 318 92 20
317 347 94 15
318 319 89 5
318 348 113 20
319 320 103 19
319 349 119 13
320 321 54 6
320 350 149 14
321 322 69 15
321 351 85 16
322 323 103 8
322 352 100 10
323 324 52 8
323 353 112 18
324 325 60 10
324 354 110 6
325 326 61 5
325 355 79 18
326 327 66 4
326 356 71 13
327 328 55 3
327 357 129 4
328 329 78 2
328 358 97 19
329 359 95 1
330 331 137 3
330 360 101 20
331 332 136 10
331 361 76 14
332 333 144 9
332 362 56 17
333 334 142 8
333 363 114 18
334 335 70 2
334 364 116 1
335 336 104 15
335 365 87 4
336 337 134 14
336 366 62 18
337 338 67 12
337 367 115 10
338 339 58 17
338 368 95 10
339 340 72 16
339 369 145 12
340 341 109 10
340 370 126 2
341 342 121 13
341 371 75 1
342 343 122 4
342 372 139 12
343 344 116 8
343 373 62 19
344 345 146 11
344 374 83 5
345 346 136 14
345 375 120 20
346 347 118 15
346 376 91 16
347 348 89 3
347 377 113 18
348 349 140 19
348 378 52 20
349 350 81 14
349 379 107 9
350 351 121 5
350 380 133 7
351 352 75 19
351 381 90 16
352 353 122 2
352 382 84 7
353 354 75 19
353 383 102 17
354 355 122 6
354 384 89 7
355 356 133 12
355 385 111 4
356 357 92 6
356 386 89 17
357 358 94 15
357 387 80 17
358 359 144 8
358 388 107 14
359 389 110 20
360 361 142 11
360 390 126 13
361 362 140 20
361 391 85 14
362 363 148 16
362 392 91 8
363 364 120 18
363 393 90 17
364 365 51 5
364 394 50 4
365 366 59 13
365 395 90 17
366 367 113 20
366 396 54 16
367 368 56 14
367 397 73 5
368 369 99 12
368 398 80 12
369 370 54 20
369 399 136 6
370 371 75 3
370 400 141 20
371 372 57 8
371 401 81 5
372 373 69 2
372 402 103 12
373 374 77 9
373 403 69 15
374 375 131 4
374 404 118 4
375 376 89 8
375 405 88 4
376 377 144 9
376 406 130 1
377 378 136 19
377 407 102 19
378 379 148 4
378 408 60 16
379 380 129 6
379 409 116 3
380 381 75 19
380 410 128 13
381 382 116 14
381 411 98 18
382 383 122 8
382 412 136 17
383 384 109 13
383 413 50 18
384 385 147 14
384 414 53 13
385 386 101 16
385 415 148 8
386 387 104 10
386 416 56 2
387 388 53 15
387 417 134 6
388 389 147 9
388 418 83 4
389 419 110 16
390 391 64 2
390 420 147 6
391 392 147 1
391 421 79 9
392 393 63 10
392 422 84 20
393 394 64 17
393 423 125 6
394 395 136 6
394 424 76 11
395 396 66 13
395 425 119 10
396 397 59 13
396 426 65 7
397 398 83 16
397 427 126 9
398 399 63 8
398 428 50 7
399 400 136 3
399 429 113 10
400 401 58 1
400 430 66 18
401 402 132 16
401 431 90 5
402 403 76 1
402 432 115 19
403 404 149 15
403 433 96 15
404 405 103 9
404 434 53 3
405 406 92 7
405 435 84 13
406 407 60 8
406 436 119 15
407 408 65 17
407 437 146 5
408 409 132 5
408 438 101 6
409 410 111 17
409 439 87 4
410 411 111 8
410 440 131 3
411 412 138 1
411 441 70 20
412 413 143 2
412 442 78 5
413 414 58 16
413 443 92 3
414 415 146 11
414 444 116 4
415 416 50 12
415 445 137 16
416 417 82 15
416 446 100 11
417 418 83 14
417 447 130 20
418 419 143 15
418 448 104 14
419 449 94 3
420 421 73 16
420 450 101 19
421 422 123 12
421 451 115 12
422 423 131 9
422 452 133 14
423 424 127 20
423 453 64 16
424 425 119 5
424 454 57 7
425 426 141 13
425 455 61 1
426 427 137 4
426 456 86 18
427 428 89 14
427 457 70 2
428 429 121 15
428 458 68 12
429 430 84 17
429 459 114 4
430 431 147 8
430 460 117 1
431 432 85 15
431 461 140 14
432 433 82 18
432 462 79 10
433 434 140 4
433 463 97 13
434 435 99 10
434 464 72 16
435 436 118 1
435 465 105 4
436 437 116 20
436 466 86 6
437 438 110 14
437 467 70 13
438 439 54 18
438 468 133 8
439 440 71 1
439 469 147 7
440 441 77 6
440 470 78 19
441 442 120 10
441 471 148 8
442 443 113 1
442 472 110 2
443 444 66 4
443 473 73 8
444 445 142 3
444 474 85 12
445 446 113 14
445 475 112 9
446 447 145 9
446 476 110 19
447 448 126 9
447 477 123 10
448 449 137 4
448 478 123 15
449 479 131 18
450 451 79 4
450 480 94 17
451 452 130 3
451 481 59 13
452 453 97 16
452 482 116 15
453 454 109 15
453 483 92 2
454 455 51 14
454 484 121 19
455 456 108 14
455 485 72 20
456 457 105 5
456 486 140 2
457 458 121 1
457 487 53 4
458 459 70 1
458 488 92 1
459 460 62 13
459 489 57 5
460 461 108 20
460 490 144 6
461 462 108 18
461 491 140 17
462 463 76 1
462 492 123 15
463 464 115 18
463 493 71 9
464 465 59 1
464 494 50 4
465 466 136 13
465 495 83 5
466 467 106 19
466 496 60 8
467 468 81 9
467 497 78 10
468 469 96 2
468 498 108 15
469 470 60 6
469 499 115 2
470 471 117 10
470 500 76 11
471 472 88 13
471 501 55 20
472 473 112 1
472 502 82 18
473 474 111 9
473 503 57 18
474 475 147 10
474 504 88 10
475 476 89 9
475 505 120 19
476 477 142 6
476 506 92 1
477 478 83 15
477 507 93 8
478 479 100 1
478 508 135 2
479 509 70 9
480 481 90 11
480 510 97 15
481 482 133 6
481 511 144 2
482 483 80 3
482 512 113 12
483 484 70 1
483 513 88 15
484 485 142 3
484 514 72 11
485 486 135 15
485 515 144 9
486 487 58 1
486 516 52 5
487 488 134 6
487 517 137 3
488 489 107 6
488 518 52 16
489 490 98 13
489 519 136 17
490 491 90 11
490 520 101 10
491 492 106 13
491 521 104 10
492 493 122 9
492 522 132 9
493 494 138 18
493 523 87 17
494 495 70 18
494 524 144 20
495 496 64 6
495 525 132 3
496 497 119 4
496 526 65 17
497 498 134 18
497 527 149 14
498 499 104 5
498 528 86 11
499 500 142 11
499 529 108 3
500 501 73 5
500 530 71 2
501 502 119 12
501 531 110 11
502 503 52 11
502 532 97 16
503 504 139 17
503 533 89 2
504 505 67 19
504 534 125 7
505 506 61 2
505 535 128 15
506 507 127 6
506 536 126 7
507 508 111 10
507 537 83 15
508 509 77 17
508 538 149 7
509 539 66 18
510 511 89 1
510 540 117 11
511 512 136 7
511 541 117 9
512 513 116 18
512 542 85 17
513 514 87 14
513 543 69 7
514 515 62 8
514 544 84 17
515 516 67 1
515 545 124 16
516 517 81 11
516 546 58 3
517 518 101 11
517 547 92 6
518 519 97 11
518 548 126 2
519 520 119 15
519 549 113 16
520 521 81 16
520 550 130 12
521 522 147 1
521 551 138 1
522 523 146 2
522 552 51 15
523 524 119 15
523 553 66 9
524 525 132 13
524 554 132 6
525 526 52 14
525 555 73 18
526 527 140 10
526 556 85 12
527 528 96 1
527 557 97 20
528 529 52 10
528 558 99 9
529 530 78 20
529 559 63 10
530 531 113 17
530 560 140 7
531 532 144 5
531 561 86 20
532 533 134 17
532 562 59 12
533 534 50 19
533 563 89 5
534 535 85 11
534 564 100 16
535 536 76 2
535 565 112 11
536 537 128 9
536 566 129 5
537 538 103 19
537 567 84 5
538 539 61 10
538 568 55 18
539 569 86 18
540 541 84 3
540 570 115 13
541 542 60 16
541 571 82 6
542 543 57 10
542 572 126 8
543 544 51 19
543 573 110 3
544 545 132 4
544 574 77 19
545 546 146 15
545 575 108 14
546 547 104 11
546 576 57 10
547 548 77 20
547 577 51 16
548 549 117 14
548 578 110 19
549 550 85 10
549 579 81 13
550 551 62 4
550 580 103 8
551 552 112 14
551 581 78 14
552 553 101 17
552 582 60 17
553 554 91 20
553 583 131 10
554 555 140 16
554 584 104 10
555 556 86 10
555 585 132 9
556 557 76 5
556 586 83 16
557 558 137 15
557 587 107 5
558 559 74 12
558 588 114 11
559 560 73 19
559 589 84 14
560 561 51 7
560 590 75 6
561 562 116 15
561 591 139 7
562 563 97 17
562 592 76 16
563 564 53 5
563 593 90 1
564 565 105 3
564 594 98 14
565 566 140 16
565 595 96 6
566 567 117 7
566 596 54 4
567 568 58 11
567 597 118 11
568 569 85 2
568 598 105 14
569 599 101 2
570 571 60 5
570 600 141 12
571 572 85 9
571 601 98 8
572 573 131 16
572 602 50 17
573 574 101 10
573 603 84 3
574 575 110 10
574 604 114 2
575 576 93 5
575 605 105 13
576 577 83 12
576 606 106 3
577 578 146 1
577 607 86 20
578 579 60 19
578 608 96 9
579 580 125 18
579 609 74 15
580 581 100 17
580 610 135 6
581 582 69 14
581 611 105 12
582 583 74 1
582 612 146 20
583 584 94 8
583 613 80 4
584 585 96 10
584 614 120 7
585 586 95 15
585 615 102 19
586 587 136 9
586 616 55 19
587 588 94 14
587 617 71 11
588 589 57 8
588 618 50 19
589 590 79 19
589 619 108 8
590 591 129 14
590 620 122 8
591 592 60 16
591 621 54 3
592 593 90 9
592 622 52 7
593 594 135 7
593 623 96 7
594 595 54 4
594 624 87 12
595 596 83 2
595 625 98 11
596 597 119 13
596 626 121 1
597 598 58 11
597 627 106 2
598 599 138 8
598 628 112 9
599 629 133 12
600 601 109 19
600 630 95 4
601 602 111 15
601 631 122 3
602 603 107 8
602 632 61 10
603 604 80 15
603 633 107 5
604 605 87 19
604 634 128 7
605 606 78 1
605 635 91 7
606 607 75 5
606 636 115 3
607 608 83 20
607 637 108 9
608 609 73 5
608 638 60 16
609 610 139 6
609 639 94 4
610 611 62 7
610 640 143 16
611 612 50 3
611 641 70 11
612 613 78 10
612 642 99 11
613 614 87 17
613 643 91 3
614 615 74 15
614 644 104 19
615 616 108 10
615 645 104 5
616 617 69 2
616 646 68 17
617 618 149 1
617 647 56 4
618 619 68 4
618 648 55 20
619 620 51 11
619 649 61 18
620 621 78 10
620 650 136 13
621 622 105 18
621 651 133 20
622 623 139 20
622 652 139 18
623 624 103 8
623 653 130 16
624 625 61 5
624 654 134 20
625 626 64 12
625 655 76 4
626 627 92 5
626 656 57 13
627 628 111 17
627 657 75 19
628 629 81 2
628 658 60 4
629 659 144 7
630 631 67 15
630 660 133 16
631 632 132 19
631 661 103 18
632 633 63 16
632 662 64 18
633 634 130 19
633 663 91 1
634 635 114 7
634 664 88 16
635 636 81 4
635 665 92 13
636 637 95 10
636 666 74 6
637 638 113 17
637 667 52 12
638 639 56 1
638 668 141 6
639 640 124 10
639 669 106 5
640 641 111 9
640 670 88 11
641 642 52 2
641 671 98 20
642 643 116 19
642 672 92 19
643 644 92 11
643 673 109 5
644 645 111 9
644 674 146 16
645 646 56 5
645 675 106 19
646 647 85 14
646 676 104 8
647 648 94 3
647 677 52 11
648 649 82 18
648 678 101 1
649 650 121 7
649 679 54 20
650 651 139 10
650 680 89 7
651 652 132 5
651 681 122 11
652 653 136 4
652 682 69 9
653 654 68 13
653 683 107 17
654 655 125 14
654 684 65 4
655 656 75 20
655 685 127 10
656 657 59 10
656 686 145 1
657 658 81 13
657 687 72 1
658 659 96 1
658 688 106 14
659 689 114 10
660 661 74 9
660 690 98 11
661 662 144 5
661 691 122 19
662 663 122 5
662 692 117 8
663 664 69 20
663 693 59 14
664 665 104 9
664 694 78 11
665 666 105 11
665 695 100 20
666 667 81 10
666 696 92 9
667 668 127 9
667 697 118 7
668 669 58 15
668 698 148 10
669 670 137 4
669 699 57 11
670 671 119 12
670 700 53 7
671 672 121 1
671 701 138 5
672 673 136 7
672 702 126 17
673 674 77 2
673 703 72 19
674 675 76 20
674 704 149 6
675 676 73 5
675 705 108 8
676 677 138 13
676 706 137 9
677 678 80 17
677 707 89 15
678 679 122 12
678 708 142 3
679 680 56 5
679 709 72 1
680 681 99 14
680 710 136 19
681 682 126 9
681 711 137 10
682 683 76 3
682 712 108 19
683 684 108 10
683 713 131 9
684 685 78 7
684 714 124 1
685 686 64 19
685 715 112 15
686 687 106 20
686 716 85 15
687 688 84 16
687 717 110 18
688 689 57 16
688 718 114 7
689 719 105 4
690 691 87 4
690 720 92 14
691 692 133 9
691 721 118 1
692 693 96 17
692 722 87 10
693 694 109 2
693 723 137 4
694 695 92 2
694 724 125 4
695 696 60 18
695 725 136 3
696 697 147 11
696 726 67 14
697 698 78 2
697 727 67 5
698 699 108 7
698 728 116 20
699 700 109 14
699 729 59 7
700 701 85 18
700 730 80 7
701 702 52 16
701 731 66 18
702 703 63 17
702 732 124 13
703 704 56 4
703 733 144 1
704 705 56 4
704 734 67 4
705 706 89 15
705 735 102 15
706 707 143 10
706 736 92 19
707 708 55 5
707 737 63 5
708 709 52 13
708 738 137 5
709 710 111 5
709 739 51 17
710 711 98 7
710 740 100 8
711 712 89 15
711 741 59 17
712 713 61 6
712 742 130 7
713 714 62 3
713 743 102 13
714 715 53 18
714 744 111 7
715 716 100 1
715 745 102 8
716 717 121 14
716 746 107 1
717 718 98 5
717 747 61 11
718 719 87 9
718 748 104 14
719 749 111 18
720 721 124 4
720 750 92 5
721 722 76 15
721 751 89 15
722 723 114 19
722 752 75 3
723 724 52 18
723 753 54 8
724 725 130 15
724 754 96 16
725 726 110 11
725 755 50 15
726 727 92 4
726 756 138 11
727 728 69 17
727 757 62 10
728 729 75 14
728 758 98 15
729 730 110 12
729 759 132 8
730 731 79 5
730 760 52 20
731 732 136 4
731 761 87 7
732 733 84 8
732 762 59 17
733 734 80 7
733 763 119 10
734 735 101 6
734 764 123 18
735 736 108 11
735 765 114 6
736 737 89 4
736 766 136 5
737 738 53 13
737 767 126 9
738 739 77 13
738 768 117 11
739 740 87 7
739 769 83 5
740 741 142 12
740 770 67 15
741 742 105 16
741 771 50 19
742 743 97 8
742 772 127 14
743 744 109 18
743 773 142 14
744 745 107 11
744 774 52 19
745 746 97 1
745 775 94 12
746 747 111 7
746 776 142 12
747 748 118 19
747 777 71 18
748 749 121 1
748 778 137 11
749 779 130 20
750 751 136 8
750 780 63 20
751 752 86 4
751 781 59 5
752 753 124 9
752 782 109 7
753 754 77 10
753 783 110 19
754 755 134 12
754 784 85 14
755 756 74 10
755 785 108 4
756 757 65 6
756 786 138 3
757 758 111 4
757 787 92 9
758 759 50 8
758 788 112 16
759 760 81 17
759 789 67 12
760 761 88 19
760 790 137 17
761 762 84 18
761 791 90 20
762 763 122 11
762 792 101 8
763 764 132 17
763 793 144 11
764 765 142 19
764 794 103 3
765 766 52 14
765 795 102 8
766 767 105 15
766 796 141 15
767 768 88 7
767 797 94 1
768 769 138 9
768 798 95 4
769 770 84 3
769 799 94 18
770 771 115 8
770 800 105 17
771 772 56 8
771 801 147 10
772 773 133 11
772 802 53 3
773 774 100 19
773 803 142 16
774 775 71 6
774 804 141 16
775 776 145 12
775 805 89 9
776 777 73 4
776 806 107 17
777 778 76 19
777 807 115 3
778 779 100 12
778 808 140 1
779 809 72 9
780 781 108 9
780 810 140 18
781 782 145 2
781 811 118 1
782 783 147 1
782 812 125 2
783 784 103 2
783 813 79 4
784 785 108 5
784 814 83 13
785 786 60 17
785 815 120 20
786 787 100 8
786 816 50 13
787 788 130 1
787 817 130 15
788 789 81 19
788 818 149 12
789 790 113 20
789 819 69 20
790 791 62 2
790 820 104 7
791 792 119 18
791 821 112 4
792 793 137 9
792 822 146 16
793 794 104 11
793 823 79 7
794 795 88 17
794 824 146 10
795 796 105 19
795 825 58 10
796 797 50 8
796 826 68 8
797 798 128 16
797 827 78 18
798 799 85 11
798 828 58 3
799 800 67 6
799 829 135 3
800 801 119 18
800 830 57 2
801 802 149 4
801 831 129 17
802 803 68 10
802 832 57 8
803 804 106 14
803 833 62 16
804 805 124 9
804 834 126 11
805 806 69 5
805 835 96 17
806 807 89 16
806 836 62 7
807 808 78 9
807 837 115 18
808 809 80 18
808 838 122 13
809 839 111 10
810 811 68 4
810 840 133 12
811 812 106 18
811 841 94 12
812 813 102 10
812 842 101 11
813 814 76 9
813 843 134 4
814 815 80 13
814 844 129 16
815 816 134 15
815 845 141 20
816 817 59 10
816 846 124 14
817 818 52 2
817 847 87 16
818 819 116 13
818 848 51 1
819 820 61 15
819 849 93 6
820 821 117 16
820 850 93 8
821 822 72 14
821 851 67 1
822 823 57 5
822 852 148 17
823 824 58 12
823 853 143 10
824 825 112 18
824 854 100 8
825 826 104 17
825 855 90 8
826 827 109 13
826 856 96 2
827 828 88 4
827 857 88 3
828 829 139 6
828 858 100 3
829 830 64 4
829 859 117 8
830 831 66 2
830 860 115 6
831 832 56 5
831 861 91 19
832 833 75 1
832 862 138 12
833 834 81 20
833 863 101 9
834 835 119 11
834 864 63 18
835 836 141 20
835 865 66 13
836 837 136 13
836 866 145 7
837 838 135 1
837 867 123 15
838 839 129 2
838 868 127 19
839 869 146 18
840 841 107 19
840 870 112 14
841 842 54 6
841 871 75 14
842 843 85 8
842 872 55 7
843 844 55 10
843 873 103 9
844 845 131 14
844 874 89 20
845 846 141 17
845 875 141 18
846 847 80 5
846 876 105 3
847 848 110 9
847 877 76 12
848 849 127 10
848 878 65 1
849 850 83 2
849 879 139 13
850 851 89 10
850 880 120 7
851 852 144 17
851 881 120 4
852 853 64 16
852 882 54 2
853 854 88 6
853 883 71 16
854 855 119 10
854 884 127 17
855 856 130 10
855 885 149 16
856 857 146 18
856 886 88 7
857 858 108 2
857 887 52 20
858 859 75 10
858 888 96 5
859 860 97 13
859 889 97 17
860 861 127 2
860 890 68 12
861 862 148 17
861 891 87 1
862 863 66 9
862 892 99 7
863 864 71 17
863 893 55 9
864 865 116 10
864 894 101 17
865 866 125 18
865 895 76 6
866 867 80 14
866 896 75 13
867 868 138 10
867 897 93 13
868 869 126 19
868 898 136 2
869 899 51 7
870 871 144 4
871 872 139 11
872 873 68 17
873 874 146 3
874 875 82 5
875 876 70 4
876 877 90 16
877 878 142 8
878 879 50 19
879 880 93 3
880 881 54 6
881 882 100 4
882 883 51 8
883 884 58 19
884 885 54 8
885 886 112 3
886 887 82 12
887 888 97 12
888 889 116 3
889 890 76 4
890 891 108 11
891 892 87 19
892 893 148 11
893 894 119 10
894 895 54 19
895 896 126 13
896 897 97 9
897 898 105 19
898 899 58 10

0 0 5
1 1 8
2 2 6
3 3 9
4 4 3
5 5 7
6 6 11
7 7 6
8 8 6
9 9 4
10 10 2
11 11 2
12 12 2
13 13 2
14 14 10
15 15 3
16 16 9
17 17 3
18 18 11
19 19 11
20 20 2
21 21 11
22 22 5
23 23 6
24 24 9
25 25 5
26 26 3
27 27 9
28 28 10
29 29 4
30 30 7
31 59 5
32 60 3
33 89 4
34 90 3
35 119 4
36 120 11
37 149 4
38 150 8
39 179 6
40 180 8
41 209 11
42 210 8
43 239 11
44 240 11
45 269 6
46 270 2
47 299 11
48 300 7
49 329 3
50 330 2
51 359 9
52 360 4
53 389 5
54 390 5
55 419 4
56 420 10
57 449 9
58 450 3
59 479 8
60 480 3
61 509 11
62 510 3
63 539 4
64 540 3
65 569 6
66 570 8
67 599 2
68 600 9
69 629 5
70 630 8
71 659 7
72 660 4
73 689 4
74 690 6
75 719 5
76 720 11
77 749 8
78 750 6
79 779 8
80 780 9
81 809 6
82 810 8
83 839 4
84 840 11
85 869 11
86 870 8
87 871 9
88 872 10
89 873 9
90 874 7
91 875 4
92 876 8
93 877 9
94 878 6
95 879 9
96 880 3
97 881 3
98 882 10
99 883 2
100 884 8
101 885 8
102 886 8
103 887 2
104 888 11
105 889 2
106 890 7
107 891 10
108 892 9
109 893 2
110 894 6
111 895 8
112 896 8
113 897 2
114 898 2
115 899 8

