138

57 16 73 71 59 59 1
137 41 65 55 1
17 101 99 25 5
20 79 80 157 33 13
57 16 90 99 25 4
128 1 101 99 25 10
66 41 65 55 3
66 47 48 21 1
97 2 48 21 23
89 42 78 62 10
49 133 132 134 57 2
46 40 65 55 14
57 41 65 55 6
11 14 47 48 21 1
11 1 101 99 25 9
147 144 60 24
72 40 65 55 3
149 100 3 31 9 7
159 75 61 4
57 58 52 4
128 93 134 57 31
37 42 78 62 20
155 157 33 8
97 129 30 16
66 68 67 49 12
57 33 58 52 14
72 40 51 71 18
46 45 66 35
57 16 73 74 77 75 61 6
126 125 91 120 31 10
57 16 90 98 23 6
126 125 76 75 61 1
155 21 71 77 75 61 5
149 38 134 57 6
36 35 50 13 13
97 2 142 43 19
57 33 120 31 6
72 76 75 61 14
57 16 73 74 75 61 1
135 140 104 107 20 14
155 21 71 76 75 61 1
61 94 90 98 23 10
89 150 142 43 4
155 21 71 77 65 1
30 154 157 33 6
106 148 144 60 4
128 127 0 13
37 42 33 120 31 1
126 124 69 6
66 67 49 35
57 8 54 2
20 79 68 18
72 73 74 77 65 10
61 94 92 121 120 31 6
61 94 90 87 45 3
61 94 92 105 59 59 5
72 73 75 61 21
147 145 144 60 7
123 122 124 69 2
106 148 12 10
106 107 20 38
155 129 30 28
81 84 10 30
56 87 45 30
135 140 148 12 2
61 94 92 121 2 24
155 92 121 2 3
66 92 121 2 15
126 5 0 63 6 4
57 5 0 63 6 11
155 21 71 142 43 4
61 94 142 43 1
89 150 31 9 4
149 100 99 25 5
11 150 31 9 38
135 140 144 60 12
20 9 8 54 21
60 63 6 28
20 18 29 11
106 105 59 59 20
103 105 59 59 21
159 158 19 31
66 92 127 0 8
17 44 148 12 6
61 94 129 30 1
57 59 59 21
57 41 63 6 27
37 42 77 65 23
61 92 127 0 3
147 148 12 30
85 84 10 49
72 77 65 21
89 87 45 35
49 50 13 30
57 48 21 33
36 32 38 48
20 144 60 2
61 79 68 24
17 18 29 45
159 28 40
155 63 100
149 1 71
147 7 85
139 51 119
137 40 74
135 5 101
131 34 55
128 22 145
126 24 168
123 32 79
114 41 103
108 67 80
106 64 118
103 46 134
97 39 94
89 44 192
85 16 103
83 58 97
81 36 101
72 17 76
69 14 73
66 70 94
61 37 62
60 48 98
57 53 113
56 56 163
54 11 73
49 35 130
46 50 83
37 27 95
36 3 122
30 26 85
25 8 200
22 4 115
20 18 170
17 42 194
11 15 61
4 47 73
